131,312,453,213,213
312,213,213,131,453
131,213,213,312,453
213,213,453,312,131
453,131,213,213,312
453,312,213,213,131
453,213,213,312,131
453,131,213,213,312
453,312,213,213,131
453,213,213,312,131
453,131,213,213,312
453,312,213,213,131
453,213,213,312,131
453,131,213,213,312
453,312,213,213,131
453,213,213,312,131
453,131,213,213,312
453,312,213,213,131
453,213,213,312,131
453,131,213,213,312
453,312,213,213,131
453,213,213,312,131
453,131,213,213,312
453,312,213,213,131
131,312,453,213,213
312,213,213,131,453
131,213,213,312,453
131,312,213,213,453
312,213,213,131,453
131,213,213,312,453
213,213,453,312,131
453,131,213,213,312
453,312,213,213,131
131,312,453,213,213
312,213,213,131,453
131,213,213,312,453
